Best: 4.440892098500626e-16
Average: 0.030021855439248995
iter_mean: [14.72187149 12.53784333 10.55403766 ...  0.03002186  0.03002186
  0.03002186]