Best: 0.00025086271263530247
Average: 0.035107943748205285
iter_mean: [10.37724157  7.50028872  4.84382469 ...  0.03510794  0.03510794
  0.03510794]