Best: -1.8013034100985537
Average: -1.8013034064250064
iter_mean: [-0.98900289 -1.10077096 -1.23944308 ... -1.80130341 -1.80130341
 -1.80130341]