Best: 0.0
Average: 0.8954939276366398
iter_mean: [13.15193278 11.0031962   8.1861281  ...  0.89549393  0.89549393
  0.89549393]