Best: 0.0
Average: 0.7446785916046319
iter_mean: [582.35739993 145.12915884 105.31352495 ...   0.74467859   0.74467859
   0.74467859]