Best: 0.0
Average: 1.9214215781059174e-11
iter_mean: [1.88438967e+01 1.08831594e+01 9.04810436e+00 ... 1.92142158e-11
 1.92142158e-11 1.92142158e-11]